# unix_time, cycles_done, cur_path, paths_total, pending_total, pending_favs, map_size, unique_crashes, unique_hangs, max_depth, execs_per_sec
1569775622, 0, 0, 3, 3, 2, 0.14%, 0, 0, 1, 31.25
1569775683, 0, 0, 7, 7, 2, 0.14%, 0, 0, 2, 34.97
1569775688, 0, 0, 11, 11, 2, 0.14%, 0, 0, 2, 34.59
1569775693, 0, 0, 13, 13, 2, 0.15%, 1, 0, 2, 35.09
1569775939, 0, 0, 14, 14, 2, 0.15%, 1, 0, 2, 33.48
1569775980, 0, 0, 14, 14, 2, 0.15%, 2, 0, 2, 35.11
1569776190, 0, 0, 17, 17, 2, 0.16%, 2, 0, 2, 34.98
1569776195, 0, 0, 24, 24, 2, 0.17%, 2, 0, 2, 35.77
1569776201, 0, 0, 27, 27, 2, 0.17%, 4, 0, 2, 35.95
1569776206, 0, 0, 28, 28, 2, 0.17%, 4, 0, 2, 35.75
1569776211, 0, 0, 29, 29, 2, 0.17%, 5, 0, 2, 35.83
1569776216, 0, 0, 29, 29, 2, 0.17%, 6, 0, 2, 35.54
1569776221, 0, 0, 31, 31, 2, 0.17%, 6, 0, 2, 35.66
1569776226, 0, 0, 33, 33, 2, 0.17%, 6, 0, 2, 35.96
1569776231, 0, 0, 37, 37, 2, 0.17%, 7, 0, 2, 35.63
1569776236, 0, 0, 38, 38, 2, 0.17%, 7, 0, 2, 35.85
1569776241, 0, 0, 39, 39, 2, 0.17%, 7, 0, 2, 35.78
1569776247, 0, 0, 40, 40, 2, 0.17%, 8, 0, 2, 35.85
1569776262, 0, 0, 41, 41, 2, 0.17%, 8, 0, 2, 28.92
1569776292, 0, 0, 41, 41, 2, 0.17%, 9, 0, 2, 33.31
1569776303, 0, 0, 41, 41, 2, 0.17%, 10, 0, 2, 33.20
1569776323, 0, 0, 42, 42, 2, 0.17%, 10, 0, 2, 33.18
1569776338, 0, 0, 43, 43, 2, 0.17%, 10, 0, 2, 33.02
1569776393, 0, 12, 43, 42, 7, 0.17%, 10, 0, 2, 33.02
1569776565, 0, 12, 43, 42, 7, 0.17%, 11, 0, 2, 34.91
1569776571, 0, 22, 43, 41, 7, 0.17%, 11, 0, 2, 39.02
1569776591, 0, 26, 43, 40, 6, 0.17%, 11, 0, 2, 40.35
1569776601, 0, 30, 43, 39, 5, 0.17%, 11, 0, 2, 40.29
1569776683, 0, 31, 43, 38, 4, 0.17%, 11, 0, 2, 33.16
